95.47
62.83
58.55
47.63
36.65
67.27
52.31
36.88
26.27
55.67
46.22
35.55
27.79
62.83
95.47
47.63
36.65
67.27
52.31
95.47
26.27
55.67
95.47
35.55
95.47
62.83
36.65
58.55
67.27
67.27
26.27
55.67
55.67
46.22
67.27
67.27
27.79
52.31
55.67
58.55
47.63
36.88
27.79
26.27
35.55
36.65
97.85
67.15
63.33
50.48
40.05
68.48
53.65
42.95
28.72
51.49
41.69
35.16
26.74
67.15
97.85
97.85
40.05
97.85
53.65
42.95
97.85
97.85
41.69
97.85
26.74
67.15
40.05
40.05
68.48
68.48
53.65
51.49
26.74
26.74
67.15
41.69
67.15
67.15
53.65
51.49
67.15
42.95
41.69
67.15
41.69
35.16
87.02
61.99
55.38
49.61
37.99
52.87
39.70
28.01
23.46
52.35
44.50
35.69
24.26
61.99
87.02
87.02
87.02
87.02
39.70
28.01
87.02
52.35
87.02
35.69
24.26
61.99
61.99
37.99
52.87
23.46
23.46
35.69
52.35
44.50
37.99
52.35
61.99
39.70
39.70
55.38
28.01
24.26
49.61
23.46
35.69
24.26
95.33
62.69
56.79
48.94
37.86
68.39
64.85
46.62
34.15
66.01
56.37
38.26
27.42
95.33
56.79
48.94
95.33
95.33
95.33
46.62
95.33
95.33
56.37
38.26
27.42
62.69
62.69
37.86
68.39
68.39
34.15
66.01
27.42
27.42
68.39
68.39
62.69
56.79
27.42
38.26
48.94
56.37
27.42
34.15
27.42
37.86
82.32
61.32
59.73
50.58
39.95
57.26
41.46
29.67
23.43
59.44
48.08
37.12
24.45
61.32
82.32
82.32
82.32
57.26
41.46
82.32
23.43
59.44
82.32
82.32
82.32
50.58
61.32
39.95
57.26
23.43
41.46
59.44
24.45
24.45
57.26
37.12
48.08
39.95
59.44
48.08
59.73
29.67
50.58
23.43
23.43
39.95
99.64
70.30
62.02
55.41
38.33
69.50
52.71
38.79
29.57
62.91
55.79
38.61
27.60
99.64
99.64
99.64
99.64
69.50
99.64
99.64
29.57
62.91
55.79
38.61
27.60
70.30
70.30
62.02
38.79
69.50
29.57
38.61
62.91
27.60
69.50
62.91
62.91
38.33
62.91
38.61
38.79
38.79
38.61
55.41
29.57
27.60
97.26
71.71
64.22
54.32
48.21
62.04
38.54
27.70
22.17
58.84
52.51
38.39
27.75
97.26
97.26
97.26
48.21
62.04
38.54
27.70
97.26
97.26
97.26
38.39
97.26
54.32
71.71
48.21
27.70
62.04
38.54
38.39
27.75
52.51
48.21
58.84
71.71
54.32
58.84
58.84
27.70
58.84
27.75
22.17
38.39
27.75
96.90
56.04
47.02
31.99
25.63
70.18
55.76
39.59
30.22
66.39
51.63
36.48
24.10
56.04
96.90
31.99
96.90
96.90
96.90
96.90
96.90
96.90
96.90
36.48
24.10
31.99
25.63
47.02
70.18
30.22
30.22
36.48
66.39
24.10
47.02
70.18
56.04
31.99
55.76
24.10
25.63
39.59
31.99
30.22
24.10
25.63
94.45
53.81
48.96
35.04
27.93
68.24
55.43
44.06
35.03
63.16
45.26
33.28
22.49
94.45
94.45
35.04
94.45
94.45
55.43
44.06
35.03
63.16
94.45
94.45
22.49
53.81
27.93
48.96
44.06
35.03
35.03
63.16
63.16
45.26
53.81
68.24
35.04
35.04
33.28
63.16
44.06
44.06
35.04
35.03
35.03
45.26
96.83
58.57
51.39
41.13
32.87
70.78
56.79
43.54
30.98
61.44
47.42
33.33
22.85
96.83
96.83
41.13
96.83
70.78
96.83
43.54
96.83
61.44
47.42
96.83
22.85
41.13
58.57
32.87
70.78
30.98
56.79
61.44
61.44
22.85
70.78
70.78
33.33
56.79
33.33
51.39
41.13
43.54
41.13
51.39
30.98
22.85