95.47
62.83
58.55
47.63
36.65
67.27
52.31
36.88
26.27
55.67
46.22
35.55
27.79
95.47
58.55
95.47
95.47
95.47
95.47
36.88
95.47
95.47
46.22
95.47
27.79
47.63
62.83
36.65
36.88
26.27
52.31
35.55
27.79
27.79
58.55
46.22
62.83
62.83
52.31
35.55
36.88
46.22
47.63
58.55
26.27
35.55
97.85
67.15
63.33
50.48
40.05
68.48
53.65
42.95
28.72
51.49
41.69
35.16
26.74
97.85
63.33
50.48
97.85
68.48
97.85
97.85
28.72
51.49
97.85
35.16
97.85
50.48
67.15
63.33
42.95
28.72
28.72
35.16
51.49
41.69
68.48
68.48
51.49
53.65
26.74
63.33
42.95
35.16
50.48
28.72
28.72
40.05
87.02
61.99
55.38
49.61
37.99
52.87
39.70
28.01
23.46
52.35
44.50
35.69
24.26
87.02
55.38
49.61
37.99
52.87
87.02
87.02
23.46
87.02
44.50
87.02
87.02
49.61
37.99
55.38
28.01
52.87
39.70
52.35
24.26
24.26
52.87
52.87
52.35
55.38
52.35
52.35
49.61
28.01
35.69
37.99
23.46
37.99
95.33
62.69
56.79
48.94
37.86
68.39
64.85
46.62
34.15
66.01
56.37
38.26
27.42
62.69
95.33
95.33
37.86
68.39
64.85
95.33
34.15
66.01
95.33
95.33
95.33
48.94
37.86
56.79
46.62
34.15
64.85
38.26
66.01
56.37
37.86
27.42
27.42
64.85
64.85
56.79
46.62
46.62
48.94
37.86
34.15
56.37
82.32
61.32
59.73
50.58
39.95
57.26
41.46
29.67
23.43
59.44
48.08
37.12
24.45
82.32
59.73
50.58
39.95
82.32
82.32
29.67
82.32
82.32
48.08
37.12
24.45
61.32
39.95
59.73
29.67
57.26
23.43
37.12
59.44
48.08
39.95
57.26
61.32
41.46
41.46
59.73
29.67
37.12
48.08
39.95
37.12
24.45
99.64
70.30
62.02
55.41
38.33
69.50
52.71
38.79
29.57
62.91
55.79
38.61
27.60
70.30
62.02
55.41
38.33
99.64
52.71
38.79
99.64
99.64
99.64
99.64
99.64
55.41
38.33
38.33
69.50
29.57
52.71
62.91
27.60
55.79
70.30
69.50
70.30
52.71
52.71
62.02
55.41
38.61
55.41
29.57
38.61
38.33
97.26
71.71
64.22
54.32
48.21
62.04
38.54
27.70
22.17
58.84
52.51
38.39
27.75
71.71
64.22
54.32
97.26
97.26
97.26
97.26
22.17
58.84
52.51
97.26
27.75
71.71
48.21
64.22
62.04
22.17
22.17
58.84
58.84
27.75
62.04
62.04
38.39
38.54
38.54
64.22
54.32
27.70
54.32
71.71
22.17
48.21
96.90
56.04
47.02
31.99
25.63
70.18
55.76
39.59
30.22
66.39
51.63
36.48
24.10
96.90
47.02
96.90
25.63
70.18
55.76
39.59
30.22
66.39
51.63
96.90
96.90
56.04
56.04
25.63
39.59
70.18
55.76
66.39
24.10
51.63
70.18
36.48
66.39
55.76
24.10
47.02
39.59
51.63
36.48
47.02
30.22
66.39
94.45
53.81
48.96
35.04
27.93
68.24
55.43
44.06
35.03
63.16
45.26
33.28
22.49
53.81
48.96
94.45
27.93
68.24
94.45
94.45
94.45
94.45
45.26
33.28
94.45
35.04
53.81
27.93
68.24
68.24
55.43
33.28
22.49
22.49
68.24
63.16
53.81
55.43
55.43
48.96
48.96
22.49
33.28
48.96
63.16
27.93
96.83
58.57
51.39
41.13
32.87
70.78
56.79
43.54
30.98
61.44
47.42
33.33
22.85
58.57
51.39
96.83
32.87
96.83
56.79
96.83
30.98
96.83
96.83
33.33
96.83
58.57
32.87
51.39
43.54
70.78
30.98
33.33
22.85
47.42
41.13
47.42
58.57
41.13
56.79
61.44
43.54
61.44
22.85
30.98
33.33
32.87