93.22
61.77
57.29
50.38
33.60
57.36
42.50
30.10
18.22
57.49
43.13
33.38
21.19
69.70
65.97
58.35
56.04
88.00
85.47
84.26
85.02
76.90
64.14
51.60
38.01
57.23
52.42
48.98
56.16
56.92
37.50
42.35
35.50
31.77
58.78
52.96
33.63
62.78
57.32
43.97
48.54
50.89
28.93
56.56
35.82
35.68
97.73
65.09
62.66
50.60
38.48
60.69
44.35
33.67
21.11
55.44
41.63
29.29
15.35
72.47
70.91
65.01
62.87
93.48
90.48
90.25
90.16
81.91
56.30
46.42
30.86
59.86
56.27
50.41
59.14
59.55
43.71
38.93
28.17
25.35
62.45
47.63
65.57
60.94
20.09
58.07
60.21
30.90
46.81
58.73
38.60
30.81
87.51
59.97
52.08
48.70
36.00
49.60
30.46
20.97
14.26
44.92
37.47
31.09
17.56
66.49
56.47
56.35
48.98
76.19
77.82
78.69
71.31
57.89
56.72
44.94
30.37
49.11
45.18
46.76
41.10
43.74
26.21
40.43
29.99
28.28
41.66
50.09
58.36
49.76
48.36
52.32
40.92
17.99
38.77
35.94
31.14
20.11
92.29
59.56
52.37
41.83
29.47
58.19
49.35
39.73
26.37
63.65
54.32
32.88
17.55
67.24
60.92
56.41
51.99
80.14
80.96
74.72
79.85
79.17
75.75
58.18
29.64
45.95
49.67
47.04
53.76
50.46
45.20
50.74
27.43
26.74
48.74
26.49
26.81
52.40
27.10
44.84
40.02
58.92
23.94
31.69
22.87
51.21
84.55
64.38
53.91
43.19
37.71
50.42
30.63
19.78
13.93
51.39
39.27
32.60
18.77
65.91
58.94
55.48
51.99
74.21
68.27
70.34
64.40
63.65
54.07
47.11
32.00
52.72
50.74
47.90
43.22
38.54
25.97
40.33
26.23
25.66
44.46
35.48
53.77
38.26
46.50
50.71
44.90
32.55
51.84
30.32
30.54
25.86
97.56
64.14
57.89
51.54
39.73
57.13
47.64
32.34
22.50
64.81
49.95
34.79
17.22
77.01
69.09
66.64
62.44
95.61
93.21
94.13
91.77
80.04
65.38
52.64
29.47
55.69
54.70
48.97
56.82
57.58
43.44
44.53
31.91
27.17
67.20
63.74
65.90
45.81
64.93
48.59
49.82
35.57
46.35
45.89
34.51
21.45
85.14
67.66
63.46
53.28
45.26
49.59
31.01
17.24
13.24
49.44
41.76
35.69
20.88
75.22
64.70
61.50
55.22
81.75
81.02
80.57
75.51
70.22
59.99
41.94
35.47
60.81
56.52
53.53
43.74
37.90
22.70
38.61
30.22
32.21
46.41
52.57
49.55
48.55
54.02
57.87
48.67
52.29
30.53
59.93
30.12
28.68
96.27
57.69
44.98
28.11
21.58
60.99
51.93
33.23
24.08
68.01
56.83
27.00
17.82
66.40
54.37
57.51
52.88
87.91
89.81
90.07
83.97
87.03
74.59
49.43
25.85
45.57
42.10
39.98
50.66
56.13
40.65
44.65
30.14
26.37
50.47
46.37
61.01
40.36
23.17
23.23
29.18
57.50
37.31
37.77
16.80
45.97
92.08
52.17
43.34
30.38
21.48
61.64
49.08
37.61
24.34
69.25
42.64
25.15
17.26
64.29
60.86
54.89
53.13
89.10
90.47
87.70
83.10
82.95
74.70
43.07
26.19
47.62
43.49
34.62
55.54
53.04
48.80
40.71
23.47
24.20
54.08
76.04
23.51
41.89
35.35
53.35
44.73
21.63
30.83
43.88
65.32
45.03
96.64
58.28
52.00
40.02
33.34
64.99
47.59
32.76
20.72
70.34
44.38
27.89
15.04
66.47
62.02
58.19
60.32
90.83
90.54
88.15
86.26
86.83
68.71
48.32
27.46
50.85
47.64
39.80
59.50
57.86
42.46
41.61
26.62
27.03
51.00
54.57
39.70
45.51
33.32
59.24
40.41
69.60
17.06
43.94
28.81
16.12