95.6466305232709
61.3230859164344
54.3909760726114
38.3863632810404
32.7205542145966
60.0733693552509
40.5771804735879
29.7940472610700
17.2507580034571
60.8099802942765
50.7036654237496
35.7375702419825
24.0763016830486
66.0508780883595
59.1022006676846
54.4509890074225
56.2401314278421
84.2119917264347
79.8424814805618
74.0536458213076
74.3239504845912
78.9632645947059
62.1281004924850
50.2921388950799
34.4663863060559
56.5160634325821
52.4428507911740
44.3773209224483
47.0978350950413
46.4498095727359
43.0181275693492
50.3543187568536
50.4059126146979
47.4390690438064
38.4773004153220
38.8008729610287
33.2813809570512
55.5215965745724
47.0049332697462
34.8884530543836
43.5897129943679
34.0280241594008
30.9417471397782
59.3740548476551
44.0160949821941
58.4350853418478
51.5789902022313
49.2797126403225
56.2112470975782
42.5094441394347
63.8205379555047
51.1053920327518
49.0437779511970
54.8998706575167
40.8450673216553
91.2508871590440
60.7794910059557
47.0175314119862
42.7126894346305
35.8584112815309
59.8890013438591
39.4105002898889
26.1691519045783
18.8532463319576
66.2781072290561
48.7351430851505
42.4633302111219
31.0346326966734
68.3574831083140
60.9670970353916
57.3685577640353
48.2202309854917
79.7252496976131
76.4973075751773
71.2569120084783
68.4355318401069
76.4058352838244
62.5457772702025
50.7448915152196
39.7125504625028
54.8706290673672
48.4698442254188
46.3675783193296
49.3493151700071
44.5448314229532
38.9682173904121
52.2219094862578
49.7390931930430
45.7088170665341
34.2287278973577
33.5879391079052
24.3076936539637
59.8272666278237
50.8338462746015
44.0600833453887
47.5579439510338
40.3623920901764
33.8076841788513
52.1354219706299
65.1681594383998
38.5128066449647
37.6861372317786
59.9020995171297
41.8298509569852
51.3907368138337
29.6878203610533
43.8438053046735
41.7760947529349
45.9320751163626
49.9452555366741
94.4082384064089
53.7091382335589
49.3583626643208
44.5789438576156
34.1255950837025
47.9248140440272
37.9325428246416
33.4402896564034
19.4962773833855
68.7897312517244
46.4729433810572
34.6840017235903
24.7065507223504
70.4746657549483
63.0247556080092
55.2455871084690
53.8656970420275
86.3320928679124
79.2788736206731
80.8996005472816
78.2402684761113
82.3816123499392
67.1603496649191
56.2634156899566
36.1029724578940
52.2971881706833
51.5186720918890
49.9841756501126
45.3616958336117
43.3528480717800
37.8250847520670
52.3136309060329
48.4234080801829
51.6041498088723
34.2180126670645
37.2643833657633
28.8053617519120
56.6179247050897
47.4154723179662
34.1807801408930
46.3309402660940
32.5799586473182
31.5809303117307
57.6389604806051
63.2225034441192
45.5088766822702
55.7268058927048
60.7021421269490
46.9149818104816
36.8659747999843
39.8669138118322
51.6961269252186
26.4023697348619
54.6458619063619
43.7909869363603
92.9902773256786
60.3243303715573
52.0038496790245
43.6113530044019
33.4440166481624
53.7600078363059
42.5946957176989
29.7540477842011
23.4537098871003
69.0767249374741
44.1077750586603
39.3094180574716
27.4609951905607
68.2342269134740
58.2091176606166
49.2562467317639
47.7106803067360
81.0490473239625
76.0048184178918
72.0794709988286
71.3572197454741
82.0141876292229
64.2803944636883
57.1366815286632
34.9590790681498
54.2955315392203
46.4310675001241
47.3601529472514
46.9319347748306
38.8550720431510
38.1801475031898
50.8745086845808
49.6894044122836
48.5897098479358
38.8694278372045
40.4165918822491
28.5871091752035
56.6298598647238
43.9370272019292
36.1483165180421
42.4311696367721
34.5754855703212
37.4021277443244
51.0735232166139
72.3200665744971
31.5811601845890
53.4578783160105
42.6714849878632
55.4778305893558
37.1838409219889
67.7180282925212
48.6615223657556
38.6928749852875
43.4800834462970
30.7270697910788
91.5764471408947
64.0134861942584
54.7730783159991
45.8129152225966
40.7777642094576
62.3935141044370
40.7896162474911
30.6797535596215
18.3491907356001
63.4781464818418
47.3970357869808
37.9519090365747
27.5071106204109
67.8331657133852
63.3145502495914
62.1844190332703
55.8889921636406
84.5742213145661
81.6120625385812
72.0313645279012
75.9437323255545
79.4298560754294
64.1120121870357
48.3353506978576
36.1680001972568
55.8784260325780
54.6205383405107
45.9506423205870
50.8397492688513
48.6453261054678
42.6384765611583
53.2914994953207
45.7249463376647
45.8175053959617
39.9381790056318
36.0443116165720
26.7521711582847
54.0222632380200
44.7782716737574
30.9548544843787
41.2296242872296
31.8019754994410
31.7537386757205
49.8140704036820
39.8297915470560
59.5477765350333
50.4214816507633
61.7103695405539
52.5435151650674
35.4811580269272
38.0259021512861
53.1022394857205
47.9700723058098
41.5360127936032
48.6806171346354
97.1807571846971
65.5395048391639
53.9919174422960
40.7847266316469
32.5595651604716
53.3536261560388
40.3273354124850
24.1189101393440
12.3437378213982
59.2911157052963
41.8190294725500
37.3391547775839
18.9082347304691
76.9256948012495
64.4956993869673
59.4696046003608
57.8106496327690
86.0707379283124
89.5466599562142
78.0149306746216
70.7557302237555
78.1297502103843
70.0147457946675
52.5909544275726
29.5565553237109
55.8742610573993
50.4799271929636
46.8084650924096
51.2833708627697
46.7020540775016
42.2418540902974
50.4778342771433
49.2562866890043
48.5035628214917
33.1221399548925
33.4521382668643
17.9364061095386
51.5733969057309
41.1067248645411
29.8680494658224
38.6128500718832
26.4075317536825
26.1395948871156
65.1458205736123
42.4665685243800
65.8209450728402
59.3318655710381
35.8544140377587
59.1452962962767
41.6239388150265
57.6049006505171
36.9491137944991
42.1335704254369
40.1495024400137
37.0433925755403