97.23
61.99
53.56
49.11
38.99
64.41
44.06
34.95
23.66
63.21
51.07
40.47
23.89
97.23
53.56
97.23
97.23
97.23
44.06
34.95
97.23
97.23
97.23
97.23
23.89
61.99
49.11
61.99
53.56
38.99
38.99
64.41
34.95
23.66
34.95
23.66
34.95
63.21
40.47
63.21
40.47
23.89
23.89
61.99
40.47
51.07
44.06
44.06
51.07
49.11
63.21
63.21
23.66
23.66
40.47
99.49
61.25
52.6
47.18
38.93
65.98
42.7
27.8
26.32
71.35
53.67
41.83
32.19
61.25
99.49
99.49
99.49
99.49
42.7
99.49
26.32
99.49
99.49
41.83
32.19
61.25
61.25
61.25
52.6
38.93
38.93
42.7
27.8
65.98
27.8
26.32
26.32
53.67
41.83
71.35
53.67
53.67
32.19
65.98
71.35
61.25
42.7
71.35
52.6
52.6
32.19
47.18
26.32
53.67
38.93
99
64.09
53.61
45.03
39.24
65.18
44.09
35.61
25.28
65.04
51.11
39.14
22.44
64.09
53.61
45.03
99
99
44.09
99
25.28
65.04
51.11
39.14
22.44
53.61
64.09
64.09
45.03
53.61
39.24
65.18
65.18
65.18
44.09
44.09
35.61
65.04
65.04
22.44
39.14
51.11
22.44
64.09
65.04
64.09
64.09
44.09
39.14
35.61
35.61
51.11
25.28
25.28
51.11
98.64
59.91
51.6
43.91
33.36
65.35
49.23
35.69
28.17
64.63
52.1
41.17
29.74
59.91
51.6
98.64
33.36
98.64
98.64
35.69
98.64
98.64
98.64
41.17
29.74
59.91
59.91
33.36
51.6
51.6
43.91
49.23
65.35
28.17
35.69
28.17
28.17
52.1
41.17
64.63
52.1
52.1
29.74
65.35
64.63
59.91
49.23
41.17
64.63
35.69
35.69
52.1
28.17
28.17
29.74
95.47
59.31
58.2
48.79
39.89
66.68
41.55
33.1
21.81
61.74
47.98
42.81
30.63
59.31
95.47
48.79
95.47
66.68
95.47
95.47
21.81
61.74
47.98
95.47
95.47
58.2
59.31
59.31
48.79
39.89
39.89
41.55
33.1
21.81
41.55
21.81
21.81
61.74
61.74
61.74
47.98
47.98
30.63
66.68
66.68
47.98
58.2
41.55
58.2
33.1
33.1
61.74
21.81
21.81
39.89
98.69
64.6
57.98
49.19
40.55
67.26
41.06
28.86
18.96
61.61
49
39.45
24.56
64.6
57.98
98.69
40.55
98.69
41.06
98.69
18.96
98.69
49
39.45
98.69
64.6
49.19
40.55
57.98
57.98
49.19
41.06
28.86
67.26
41.06
18.96
28.86
61.61
39.45
24.56
39.45
49
39.45
64.6
67.26
64.6
64.6
39.45
61.61
49.19
28.86
49.19
18.96
18.96
39.45