97.23
61.99
53.56
49.11
38.99
64.41
44.06
34.95
23.66
63.21
51.07
40.47
23.89
61.99
97.23
49.11
38.99
64.41
97.23
97.23
23.66
63.21
51.07
40.47
97.23
53.56
61.99
38.99
49.11
53.56
49.11
44.06
64.41
64.41
44.06
44.06
23.66
51.07
63.21
23.89
51.07
51.07
40.47
64.41
64.41
61.99
53.56
51.07
53.56
34.95
34.95
49.11
53.56
63.21
38.99
99.49
61.25
52.6
47.18
38.93
65.98
42.7
27.8
26.32
71.35
53.67
41.83
32.19
99.49
52.6
47.18
38.93
65.98
99.49
27.8
99.49
71.35
53.67
99.49
99.49
52.6
47.18
38.93
47.18
52.6
47.18
65.98
65.98
26.32
42.7
42.7
27.8
71.35
71.35
32.19
41.83
32.19
41.83
52.6
65.98
32.19
38.93
42.7
27.8
27.8
27.8
53.67
52.6
26.32
53.67
99
64.09
53.61
45.03
39.24
65.18
44.09
35.61
25.28
65.04
51.11
39.14
22.44
99
99
99
39.24
65.18
99
35.61
99
99
99
99
99
64.09
45.03
39.24
53.61
39.24
45.03
44.09
35.61
25.28
35.61
25.28
25.28
51.11
39.14
65.04
51.11
22.44
39.14
65.18
65.18
39.14
44.09
65.04
53.61
39.24
39.14
45.03
39.24
65.04
39.24
98.64
59.91
51.6
43.91
33.36
65.35
49.23
35.69
28.17
64.63
52.1
41.17
29.74
98.64
98.64
43.91
98.64
65.35
49.23
98.64
28.17
64.63
52.1
98.64
98.64
51.6
43.91
59.91
43.91
33.36
33.36
65.35
35.69
65.35
49.23
49.23
35.69
64.63
64.63
29.74
41.17
29.74
41.17
51.6
65.35
29.74
59.91
49.23
51.6
43.91
64.63
43.91
43.91
52.1
33.36
95.47
59.31
58.2
48.79
39.89
66.68
41.55
33.1
21.81
61.74
47.98
42.81
30.63
59.31
58.2
95.47
39.89
95.47
41.55
33.1
95.47
95.47
95.47
42.81
30.63
59.31
48.79
39.89
58.2
58.2
48.79
66.68
66.68
66.68
33.1
41.55
33.1
47.98
42.81
30.63
42.81
30.63
42.81
48.79
42.81
59.31
41.55
61.74
47.98
39.89
42.81
48.79
58.2
47.98
47.98
98.69
64.6
57.98
49.19
40.55
67.26
41.06
28.86
18.96
61.61
49
39.45
24.56
98.69
98.69
49.19
98.69
67.26
98.69
28.86
98.69
61.61
98.69
98.69
24.56
57.98
64.6
64.6
49.19
40.55
40.55
67.26
67.26
18.96
28.86
41.06
18.96
49
61.61
61.61
49
24.56
24.56
67.26
39.45
61.61
41.06
41.06
57.98
28.86
61.61
39.45
57.98
49
40.55